0.76
2.24
4.23
4.83
8.16
9.66
12.85
15.35
17.35
19.35
20.82
24.66
25.62
26.42
28.32
32.12
33.13
34.46
36.54
39.52
40.35
42.69
45.77
47.68
47.94
51.2
53.22
54.2
57.32
58.09
61.65
64.19
65.37
66.05
69.35
71.1
73.98
74.56
76.95
78.99
80.37
82.83
85.15
86.04
88.82
91.34
91.99
96.41
98.82
100.25
100.59
102.17
105.23
108.76
110.27
111.79
113.08
114.24
118.14
116.86
120.71
122.17
123.64
126.16
130.45
132.48
133.51
135.01
137.67
138.6
140.64
143.84
145.76
146.65
147.78
152.17
151.48
156.12
158.01
159.82
160.85
162.29
166.12
168.48
168.49
171.42
172.73
176.65
176.26
179.09
179.6
182.18
186.24
188.83
188.92
189.75
193.26
194.51
196.76
198.51
